学号 班级 语文 数学 英语 物理 化学 政治 历史 地理 生物 美术 音乐 体育
1	1	75	56	58	62	84	78	91	54	52	84	100	93
2	1	69	81	54	86	85	72	61	59	96	79	64	91
3	1	76	78	100	95	65	67	55	72	81	91	54	64
4	1	74	94	96	69	63	71	60	83	59	53	80	77
5	1	73	67	84	71	50	50	99	74	70	99	78	76
6	1	58	83	91	91	67	53	57	85	62	60	67	77
7	1	53	64	50	54	69	61	99	64	68	50	79	58
8	1	78	81	95	83	75	86	96	66	51	81	88	88
9	1	67	72	60	97	87	92	81	90	82	96	85	85
10	1	90	58	70	95	79	76	81	91	90	59	86	100
11	1	78	90	86	59	53	54	69	99	62	67	65	89
12	1	64	68	60	61	79	77	91	60	69	87	75	58
13	1	91	79	77	98	94	77	85	93	81	95	91	64
14	1	100	65	58	89	92	64	77	59	96	57	84	95
15	1	98	90	92	70	61	65	82	82	97	51	74	63
16	1	55	75	95	96	94	72	71	67	92	85	89	50
17	1	77	91	80	77	65	87	63	70	66	60	74	61
18	1	68	68	80	77	87	65	87	74	63	70	72	99
19	1	81	94	73	59	91	74	78	57	100	82	93	58
20	1	74	87	55	54	100	79	73	77	84	96	90	91
21	1	69	65	68	57	67	93	53	76	55	87	56	82
22	1	53	57	75	74	75	66	93	75	89	84	96	63
23	1	76	99	97	64	62	98	65	97	67	99	78	52
24	1	64	97	94	91	59	59	73	70	98	86	82	76
25	1	57	85	53	96	63	72	68	59	89	68	54	85
26	1	96	66	94	57	70	52	72	57	55	94	78	79
27	1	91	91	66	66	89	79	83	62	67	91	50	91
28	1	78	54	84	52	94	54	65	61	86	74	88	100
29	1	93	50	84	99	71	90	53	98	82	52	77	86
30	1	86	97	69	66	70	94	85	73	77	90	62	61
31	1	88	53	77	55	95	55	82	92	87	82	76	58
32	1	61	77	90	84	50	64	77	96	55	70	56	61
33	1	66	91	86	66	58	72	96	90	94	99	64	89
34	1	68	57	96	54	80	88	86	62	95	55	77	74
35	1	88	59	90	80	78	72	69	93	59	56	73	53
36	1	71	63	57	71	56	79	72	51	67	80	68	71
37	1	54	91	52	97	99	79	68	72	65	85	77	52
38	1	81	57	82	57	58	73	77	88	90	86	90	90
39	1	93	65	85	68	79	68	82	77	74	79	96	97
40	1	89	72	85	89	58	67	84	77	85	70	61	90
41	1	81	57	95	58	64	62	98	51	51	73	96	84
42	1	85	69	93	81	61	96	90	91	66	71	76	60
43	1	74	86	72	64	86	84	99	96	92	84	77	94
44	1	61	87	95	62	74	58	58	95	84	81	81	73
45	1	80	73	72	94	92	51	72	74	96	64	69	56
46	1	68	76	53	86	85	53	91	86	55	96	76	81
47	1	82	78	98	80	65	64	53	56	54	55	65	72
48	1	80	50	92	51	89	70	67	98	98	88	51	80
49	1	89	78	50	100	74	60	70	84	66	69	56	78
50	1	76	70	71	76	75	60	92	60	87	69	77	97
51	2	60	90	79	91	100	91	62	68	67	68	87	98
52	2	50	82	96	54	88	96	87	83	100	62	66	53
53	2	94	84	70	53	92	55	87	69	82	74	92	84
54	2	55	54	50	82	56	81	73	71	68	95	76	86
55	2	54	50	94	77	89	98	80	67	65	75	92	87
56	2	60	100	83	100	98	70	79	59	89	58	74	73
57	2	67	72	94	80	64	79	85	89	66	91	81	89
58	2	96	84	54	82	66	82	74	59	99	74	89	80
59	2	50	79	85	90	50	90	51	81	55	86	92	88
60	2	97	81	82	92	75	90	84	98	69	83	98	51
61	2	85	72	54	83	62	62	58	78	57	60	67	82
62	2	90	90	62	87	56	95	74	94	80	54	58	84
63	2	86	79	96	72	81	75	82	85	97	76	83	90
64	2	77	82	54	57	62	84	77	64	68	84	84	80
65	2	95	73	85	98	97	70	87	63	78	87	92	87
66	2	68	64	94	79	81	81	83	63	57	51	75	95
67	2	67	99	75	50	98	99	86	56	84	79	55	57
68	2	94	52	56	66	67	100	92	81	99	65	63	69
69	2	63	77	64	83	82	50	100	94	64	88	78	92
70	2	58	70	51	60	53	69	63	80	66	52	85	52
71	2	62	50	93	89	58	67	81	94	82	82	87	90
72	2	66	91	100	61	75	91	99	76	80	84	85	68
73	2	60	57	83	95	83	100	82	63	72	79	68	75
74	2	81	88	84	96	62	95	82	54	52	51	99	64
75	2	79	63	91	84	50	83	62	62	82	96	51	59
76	2	70	95	65	84	74	84	85	59	56	98	72	68
77	2	96	61	65	65	95	58	86	72	98	56	97	57
78	2	98	68	98	54	83	74	71	67	84	87	63	83
79	2	68	98	92	61	66	79	61	95	58	50	73	97
80	2	51	69	97	73	62	72	81	85	58	67	81	100
81	2	82	61	55	85	59	54	60	53	74	79	65	70
82	2	70	60	98	84	76	67	75	69	61	92	68	78
83	2	65	51	93	73	100	83	94	60	57	63	54	50
84	2	85	52	64	76	91	100	71	91	60	99	93	80
85	2	58	52	71	69	52	96	61	70	98	96	86	90
86	2	80	71	87	73	53	97	64	53	68	59	77	96
87	2	99	57	53	79	78	76	86	86	59	81	91	77
88	2	81	86	61	87	77	55	50	71	96	75	71	99
89	2	59	71	79	75	55	95	54	59	79	75	62	68
90	2	57	57	60	60	90	71	54	65	68	84	59	83
91	2	100	75	94	71	51	56	74	75	91	67	54	83
92	2	60	66	71	85	92	69	98	94	98	66	66	90
93	2	78	73	51	79	86	82	64	98	64	73	82	93
94	2	100	76	98	51	91	66	79	84	71	86	93	85
95	2	71	65	82	89	67	59	82	76	60	54	62	85
96	2	58	56	97	64	74	52	60	66	88	83	96	81
97	2	50	90	64	95	61	59	61	85	85	63	59	96
98	2	59	98	52	89	83	69	74	99	53	86	87	87
99	2	79	65	97	96	92	86	52	90	57	87	57	75
100	2	78	56	87	81	73	97	86	63	65	75	80	72
101	3	89	95	74	62	85	72	63	88	78	53	90	80
102	3	89	77	66	98	70	50	83	56	55	79	78	99
103	3	57	94	77	84	61	83	64	81	75	59	59	81
104	3	51	82	61	70	86	51	76	100	63	62	61	83
105	3	88	63	79	69	83	52	93	87	70	71	81	52
106	3	61	54	95	70	56	92	69	50	50	99	66	65
107	3	52	67	98	53	59	91	97	73	60	55	99	86
108	3	77	89	69	56	84	58	67	80	61	87	98	84
109	3	67	87	93	54	90	74	51	96	83	58	63	87
110	3	54	78	78	77	51	95	56	84	93	57	88	65
111	3	69	79	62	84	95	79	52	72	98	90	92	85
112	3	52	50	56	76	76	81	59	92	88	69	56	75
113	3	78	84	59	60	64	65	54	94	54	93	75	70
114	3	100	72	71	86	96	86	83	100	95	55	83	52
115	3	75	73	85	61	77	58	79	56	75	99	63	62
116	3	70	84	79	91	99	57	90	56	61	53	80	99
117	3	95	88	80	92	63	56	86	79	95	98	88	99
118	3	72	65	84	75	76	52	82	79	65	73	61	87
119	3	95	71	93	100	54	63	51	56	87	54	73	77
120	3	94	66	84	70	80	70	57	71	81	79	82	86
121	3	93	51	77	68	71	61	58	72	58	100	72	63
122	3	51	66	94	92	98	94	76	93	86	94	50	82
123	3	62	54	64	64	67	50	95	57	84	74	55	86
124	3	81	67	75	57	61	67	97	93	83	78	92	88
125	3	76	80	76	56	100	50	96	73	100	65	81	80
126	3	92	93	95	80	98	98	94	94	75	67	62	83
127	3	60	93	67	59	71	79	65	91	94	59	65	97
128	3	55	54	61	96	61	96	97	78	59	77	82	70
129	3	51	74	91	87	50	55	77	96	76	75	68	65
130	3	72	72	98	76	63	56	91	82	82	53	66	74
131	3	78	100	53	90	56	100	57	70	66	87	66	77
132	3	64	88	89	53	65	56	76	58	72	80	72	97
133	3	53	75	85	76	99	77	62	90	100	71	93	90
134	3	97	80	75	59	95	58	82	100	86	82	64	50
135	3	95	88	86	81	73	57	89	72	58	59	78	65
136	3	97	100	97	99	92	50	61	63	64	67	97	97
137	3	100	51	56	97	94	92	62	69	84	53	86	91
138	3	63	56	70	93	86	85	78	63	77	79	50	75
139	3	95	64	76	63	99	52	55	69	86	50	75	64
140	3	53	69	52	100	92	72	95	51	89	68	87	71
141	3	87	58	77	96	67	55	93	62	54	87	76	84
142	3	50	92	80	93	99	92	73	60	73	98	87	70
143	3	87	74	86	62	56	59	57	96	59	67	62	60
144	3	63	78	53	59	50	77	75	98	64	61	88	85
145	3	81	89	69	58	52	59	80	70	73	92	70	72
146	3	83	69	96	70	53	57	91	85	69	86	83	57
147	3	89	66	90	69	59	91	52	99	98	90	59	73
148	3	55	68	67	73	60	63	73	58	51	67	84	97
149	3	68	95	78	56	68	95	52	97	81	81	96	56
150	3	83	79	65	83	67	74	97	97	52	70	87	75